[-17.39, 47.09, -100, -100, -100, -100, 15.93, 45.35, -7.07, 41.79, 2.21, 54.66, 17.54, 22.43, -100, -100, 39.19, 37.01, -100, -100, 18.35, 60.36, 2.9, 58.85, 6.89, 42.64, -3.73, 57.33, 3.96, 26.87, 17.28, 34.05, -100, -100, 13.87, 41.58, -39.91, 36.97, -5.25, 58.66, 15.83, 29.72, -16.97, 46.79, -17.18, 27.0, 13.67, 66.31, 7.16, 6.1, 0.52, 30.08, -100, -100, -0.79, 54.77, -100, -100, -8.02, 46.89]
[-5.45, 58.4, -100, -100, -100, -100, 14.9, 44.67, -9.47, 40.0, 1.21, 53.29, 16.55, 22.38, -100, -100, 36.57, 35.34, -100, -100, 12.24, 58.36, 2.09, 58.98, 5.48, 40.97, -7.9, 54.37, 2.99, 26.14, 15.71, 32.95, -100, -100, 13.06, 41.69, -40.33, 36.57, -7.28, 56.04, 14.13, 29.5, -19.66, 47.01, -18.56, 24.59, 11.75, 65.5, 5.3, 5.59, -2.3, 28.16, -100, -100, 0.74, 53.49, -100, -100, -9.87, 45.04]
[36.07, 37.25, -100, -100, -100, -100, 13.47, 43.26, -10.57, 39.32, -0.45, 49.97, 12.99, 20.69, -100, -100, 36.07, 37.25, -100, -100, 13.82, 54.67, 1.26, 58.57, 5.99, 35.09, -12.0, 45.15, 1.43, 18.98, 14.64, 34.56, -100, -100, 16.57, 40.06, -42.84, 36.35, -14.28, 56.06, 14.38, 24.45, -12.69, 44.42, -16.05, 30.74, -2.15, 62.89, 3.81, 14.24, 2.13, 28.23, -100, -100, 22.81, 48.96, -100, -100, -4.59, 46.73]
[9.94, 53.66, -100, -100, -100, -100, 28.4, 48.1, 2.37, 35.02, 25.03, 53.92, 30.12, 22.65, -100, -100, 45.53, 35.7, -100, -100, 24.18, 60.19, 15.96, 59.07, 18.77, 43.0, 8.36, 51.53, 17.21, 31.11, 27.7, 42.38, -100, -100, 28.14, 61.14, -31.23, 38.09, -3.67, 58.74, 25.6, 41.07, -3.55, 43.79, -3.25, 26.65, 16.96, 66.94, 19.02, 8.94, 17.7, 37.55, -100, -100, 11.96, 56.27, -100, -100, 9.39, 53.45]
[-3.31, 58.44, -100, -100, -100, -100, 27.05, 47.99, -0.63, 34.23, 20.16, 55.97, 27.28, 23.28, -100, -100, 44.01, 35.88, -100, -100, 18.84, 61.98, 15.06, 60.89, 16.33, 42.18, 2.59, 54.82, 15.6, 29.84, 25.65, 34.84, -100, -100, 24.42, 53.85, -32.82, 37.53, -3.12, 57.88, 24.01, 33.36, -7.05, 42.98, -7.59, 24.16, 15.26, 67.19, 17.2, 8.44, 18.35, 38.5, -100, -100, 9.62, 60.83, -100, -100, 5.96, 52.72]
[-3.11, 57.16, -100, -100, -100, -100, 25.41, 46.54, -1.39, 33.81, 16.92, 53.22, 24.95, 21.28, -100, -100, 43.29, 35.46, -100, -100, 19.4, 60.71, 12.6, 60.12, 15.07, 40.97, 1.55, 53.58, 14.08, 28.5, 24.1, 33.56, -100, -100, 22.1, 53.52, -33.23, 36.76, -3.1, 56.08, 22.39, 31.94, -9.36, 41.01, -8.89, 22.46, 14.99, 67.04, 16.41, 7.2, 18.18, 38.42, -100, -100, 8.87, 60.13, -100, -100, 3.28, 48.5]
[8.14, 58.54, -100, -100, -100, -100, 24.4, 45.65, -1.86, 33.12, 15.86, 51.99, 23.81, 20.24, -100, -100, 41.69, 35.22, -100, -100, 21.42, 57.02, 10.62, 57.97, 14.26, 40.47, 0.73, 50.41, 13.36, 27.8, 23.35, 33.5, -100, -100, 20.66, 54.63, -34.16, 36.76, -3.58, 54.89, 21.39, 32.12, -11.08, 41.45, -9.4, 21.69, 13.89, 66.83, 16.05, 6.79, 18.24, 38.52, -100, -100, 8.06, 58.36, -100, -100, 0.94, 46.87]
[6.44, 56.21, -100, -100, -100, -100, 22.92, 45.01, -4.49, 32.23, 15.55, 48.24, 23.47, 17.33, -100, -100, 40.14, 34.76, -100, -100, 22.61, 56.07, 8.38, 52.35, 13.44, 40.1, 3.39, 43.43, 11.43, 25.22, 22.88, 33.86, -100, -100, 22.29, 57.17, -34.41, 36.77, -6.64, 52.59, 20.87, 32.76, -10.26, 41.84, -10.12, 22.1, 12.41, 66.87, 17.18, 8.3, 19.89, 40.24, -100, -100, 6.35, 56.21, -100, -100, -0.62, 47.03]
[12.86, 66.97, -100, -100, -100, -100, 23.63, 47.42, -6.35, 31.59, 15.54, 49.13, 23.58, 18.38, -100, -100, 41.44, 35.26, -100, -100, 22.63, 57.79, 8.38, 52.35, 12.97, 40.29, 4.69, 40.69, 11.32, 23.89, 23.63, 35.58, -100, -100, 21.82, 57.24, -34.6, 37.16, -7.31, 51.97, 20.64, 32.99, -9.55, 41.79, -10.26, 22.62, 12.91, 66.98, 17.85, 9.64, 20.76, 41.25, -100, -100, 5.55, 57.21, -100, -100, -0.26, 45.29]
[4.63, 58.47, -100, -100, -100, -100, 24.2, 52.52, -14.06, 29.51, 15.17, 54.19, 23.84, 20.81, -100, -100, 42.66, 35.91, -100, -100, 17.19, 61.87, 8.49, 52.1, 13.7, 42.83, 5.83, 37.39, 13.57, 22.83, 24.42, 37.71, -100, -100, 23.25, 62.08, -34.47, 38.55, -7.64, 51.78, 20.61, 32.44, -9.15, 42.06, -10.84, 23.17, 12.27, 66.89, 18.01, 11.79, 20.96, 42.16, -100, -100, 4.31, 59.08, -100, -100, 3.28, 41.69]
[3.21, 61.68, -100, -100, -100, -100, 23.62, 56.56, -20.7, 28.52, 14.69, 58.78, 22.71, 22.37, -100, -100, 45.3, 35.29, -100, -100, 14.76, 64.33, 5.67, 48.54, 13.43, 43.27, 5.2, 34.5, 14.67, 23.15, 25.13, 37.28, -100, -100, 23.46, 62.32, -33.95, 38.54, -8.73, 49.67, 19.63, 30.62, -8.53, 41.25, -10.7, 23.03, 11.69, 66.79, 16.04, 12.5, 16.89, 38.84, -100, -100, 2.88, 62.52, -100, -100, 1.03, 39.04]
[11.33, 66.41, -100, -100, -100, -100, 23.35, 57.93, -24.45, 28.5, 15.62, 58.49, 22.75, 22.6, -100, -100, 46.18, 34.89, -100, -100, 14.72, 64.33, 3.61, 46.38, 12.49, 41.6, 3.71, 32.17, 11.35, 19.81, 23.38, 33.87, -100, -100, 22.77, 61.62, -34.79, 37.95, -10.2, 47.28, 18.44, 28.95, -9.32, 39.11, -11.58, 23.05, 11.24, 66.31, 13.84, 11.87, 12.64, 35.24, -100, -100, 1.17, 63.97, -100, -100, -1.44, 36.55]
[-14.91, 47.13, -100, -100, -100, -100, 15.73, 44.69, -10.57, 31.59, 5.52, 42.78, 15.29, 11.38, -100, -100, 38.87, 34.17, -100, -100, 12.47, 55.45, -4.51, 54.02, 5.87, 29.86, -7.8, 42.87, 4.13, 20.29, 14.76, 32.05, -100, -100, 13.2, 50.42, -41.43, 33.64, -16.2, 48.23, 14.75, 34.89, -16.08, 34.65, -14.28, 14.68, 5.27, 65.07, 8.05, 1.7, 3.89, 23.59, -100, -100, -9.84, 60.89, -100, -100, -3.11, 45.58]
[-10.17, 58.7, -100, -100, -100, -100, 15.49, 46.56, -10.05, 35.01, 5.07, 44.57, 15.9, 13.39, -100, -100, 38.78, 34.92, -100, -100, 12.15, 58.37, -3.37, 53.66, 6.22, 31.54, -8.12, 45.48, 3.98, 21.64, 14.47, 32.96, -100, -100, 13.23, 50.62, -41.01, 34.03, -14.73, 48.1, 15.01, 34.47, -17.32, 34.7, -14.76, 15.5, 4.47, 65.55, 10.03, 2.01, 3.86, 24.85, -100, -100, -10.25, 58.15, -100, -100, -2.39, 52.01]
[-13.95, 48.03, -100, -100, -100, -100, 15.4, 47.89, -8.9, 36.48, 5.06, 45.8, 16.94, 15.77, -100, -100, 38.37, 35.0, -100, -100, 12.09, 59.97, -3.01, 52.47, 6.95, 32.1, -6.41, 47.26, 4.88, 20.72, 14.8, 34.35, -100, -100, 14.6, 52.26, -40.78, 34.41, -13.75, 48.01, 15.09, 33.89, -17.91, 35.23, -14.4, 17.15, 3.39, 66.26, 10.56, 2.29, 4.41, 24.72, -100, -100, -9.83, 55.49, -100, -100, -2.39, 51.43]
[-12.81, 47.93, -100, -100, -100, -100, 15.94, 49.02, -7.74, 36.05, 5.72, 45.71, 16.96, 16.53, -100, -100, 38.38, 34.78, -100, -100, 11.27, 61.4, -2.52, 51.74, 7.21, 32.07, -4.58, 45.82, 5.62, 20.02, 15.31, 34.27, -100, -100, 13.93, 50.72, -40.43, 34.61, -12.57, 47.91, 15.16, 33.88, -17.88, 35.1, -14.13, 17.49, 2.23, 66.45, 10.9, 2.58, 6.15, 24.03, -100, -100, -9.04, 52.27, -100, -100, -1.16, 49.05]
[-12.24, 36.96, -100, -100, -100, -100, 17.76, 39.94, -6.5, 34.61, 6.91, 43.99, 18.87, 14.07, -100, -100, 39.49, 35.42, -100, -100, 14.77, 52.15, 5.1, 54.72, 7.04, 29.98, -1.45, 44.2, 4.87, 17.95, 17.27, 30.38, -100, -100, 6.84, 49.97, -36.51, 35.42, -10.35, 50.7, 19.15, 35.17, -12.69, 37.79, -9.9, 19.37, -1.88, 65.26, 14.46, 3.63, 2.66, 22.66, -100, -100, 12.25, 52.38, -100, -100, -2.94, 41.9]
[-10.49, 20.62, -100, -100, -100, -100, 18.61, 43.43, -2.75, 37.07, 6.75, 49.51, 17.93, 18.22, -100, -100, 38.73, 35.46, -100, -100, 12.75, 54.11, 4.99, 54.25, 8.13, 32.23, -0.31, 47.12, 8.13, 17.27, 18.07, 32.48, -100, -100, 5.29, 49.99, -36.3, 36.38, -9.13, 49.49, 19.72, 36.28, -12.83, 38.35, -10.98, 20.96, -1.37, 65.02, 15.08, 4.58, 4.48, 24.31, -100, -100, 10.85, 51.77, -100, -100, -1.17, 40.54]
[-0.25, 48.46, -100, -100, -100, -100, 18.13, 41.14, -6.8, 28.78, 10.18, 38.53, 17.59, 19.75, -100, -100, 42.84, 34.99, -100, -100, 17.35, 51.23, 7.68, 55.57, 4.73, 29.92, 4.27, 41.04, 10.49, 14.31, 19.81, 28.56, -100, -100, -0.15, 48.45, -34.13, 35.61, -6.3, 47.95, 21.4, 28.26, -9.44, 35.07, -10.94, 22.24, -0.74, 59.33, 2.87, 14.08, 0.15, 30.68, -100, -100, 9.66, 56.01, -100, -100, -2.15, 40.05]
[10.65, 53.41, -100, -100, -100, -100, 21.05, 43.33, -13.89, 26.01, 5.1, 44.12, 19.08, 20.32, -100, -100, 45.51, 35.82, -100, -100, 16.65, 51.6, 8.08, 55.27, 8.33, 35.62, 6.14, 48.06, 3.62, 16.53, 17.66, 30.31, -100, -100, -0.49, 49.04, -36.3, 34.67, -8.25, 48.76, 20.47, 23.06, -10.3, 39.04, -10.95, 25.98, -4.9, 57.99, -2.16, 18.31, 5.76, 29.94, -100, -100, 10.65, 53.16, -100, -100, -4.54, 44.08]
[-4.84, 42.85, -100, -100, -100, -100, 20.55, 43.68, -14.96, 25.51, 2.29, 43.74, 19.9, 20.49, -100, -100, 45.51, 35.82, -100, -100, 16.65, 51.6, 8.69, 54.93, 8.68, 37.52, 7.5, 47.87, 0.68, 14.78, 18.15, 30.57, -100, -100, 0.1, 49.0, -37.51, 34.65, -7.56, 48.7, 20.26, 21.31, -10.74, 37.53, -11.04, 26.58, -5.75, 57.79, -6.43, 18.94, 6.18, 30.28, -100, -100, 10.53, 52.36, -100, -100, -4.91, 42.54]
[7.04, 47.36, -100, -100, -100, -100, 19.63, 44.1, -17.39, 24.56, -0.93, 41.9, 20.05, 20.02, -100, -100, 44.95, 35.36, -100, -100, 16.67, 51.33, 3.47, 55.94, 9.25, 39.38, 6.93, 47.23, -2.07, 13.98, 19.48, 30.68, -100, -100, 1.57, 49.18, -38.91, 34.64, -8.31, 47.93, 19.61, 20.65, -10.14, 36.41, -12.34, 26.77, -7.51, 57.84, -10.59, 18.89, 6.44, 30.01, -100, -100, 9.5, 51.04, -100, -100, -5.18, 42.56]
[8.2, 68.0, -100, -100, -100, -100, 32.03, 57.89, 1.26, 37.24, 21.3, 55.2, 26.08, 26.38, -100, -100, 46.51, 35.28, -100, -100, 21.7, 66.25, 15.01, 60.61, 16.03, 38.99, 7.17, 49.76, 8.32, 17.0, 28.5, 34.13, -100, -100, 29.39, 61.5, -33.56, 40.6, 1.17, 63.81, 25.43, 25.85, -3.5, 51.43, -5.31, 30.09, 18.32, 65.99, 5.47, 17.48, 14.05, 30.22, -100, -100, 14.79, 65.59, -100, -100, 6.08, 41.32]
[23.19, 65.95, -100, -100, -100, -100, 33.75, 56.66, -1.26, 34.7, 22.01, 55.55, 23.41, 25.14, -100, -100, 46.37, 35.88, -100, -100, 24.67, 65.65, 15.61, 60.52, 15.64, 36.73, 3.9, 48.73, 4.94, 15.48, 31.05, 33.86, -100, -100, 31.26, 60.98, -34.08, 40.4, 1.41, 63.77, 23.25, 23.52, -2.71, 50.77, -4.05, 31.01, 19.67, 66.17, 1.87, 18.5, 12.28, 27.63, -100, -100, 15.13, 66.46, -100, -100, 4.11, 37.15]
[26.82, 61.19, -100, -100, -100, -100, 28.68, 51.01, 3.66, 45.82, 14.02, 33.39, 12.98, 7.2, -100, -100, 41.73, 35.65, -100, -100, 26.82, 61.19, 3.56, 64.09, 14.79, 43.33, -1.28, 31.3, 0.54, 23.4, 29.99, 19.61, -100, -100, 35.49, 40.62, -35.4, 35.61, -2.22, 45.73, 21.46, 31.5, -4.86, 34.38, -3.08, 25.99, -1.18, 59.54, 0.7, 14.13, 11.0, 20.93, -100, -100, 16.44, 44.87, -100, -100, 8.86, 35.72]
[14.32, 43.67, -100, -100, -100, -100, 28.84, 48.99, 2.89, 49.24, 12.45, 32.06, 12.58, 6.82, -100, -100, 43.67, 34.29, -100, -100, 26.15, 60.42, 3.56, 64.09, 14.32, 43.67, -3.17, 33.47, -0.43, 24.23, 29.48, 18.71, -100, -100, 31.75, 42.14, -36.62, 36.0, -1.97, 49.63, 19.92, 33.44, -6.13, 36.14, -3.72, 26.61, -0.27, 59.43, -1.83, 16.25, 9.33, 22.37, -100, -100, 14.93, 44.97, -100, -100, 4.11, 35.43]
[13.69, 44.17, -100, -100, -100, -100, 28.18, 47.81, 0.9, 51.02, 10.49, 32.75, 11.86, 7.36, -100, -100, 44.28, 34.82, -100, -100, 21.98, 61.35, 3.67, 64.67, 13.27, 44.5, -4.05, 36.64, -1.92, 25.54, 27.55, 19.85, -100, -100, 25.87, 46.02, -37.54, 36.58, -3.51, 51.57, 16.38, 35.76, -7.33, 38.12, -5.3, 27.75, 0.35, 59.99, -3.9, 17.68, 7.93, 24.8, -100, -100, 11.98, 46.57, -100, -100, 3.07, 39.22]
[-4.37, 37.6, -100, -100, -100, -100, 28.18, 47.81, -1.33, 53.52, 10.55, 34.67, 10.66, 7.6, -100, -100, 43.79, 36.37, -100, -100, 18.65, 60.48, 3.67, 64.67, 11.74, 46.39, -5.12, 39.85, -2.89, 25.3, 25.62, 21.39, -100, -100, 23.61, 49.7, -38.08, 36.78, -5.6, 52.95, 13.03, 37.63, -7.62, 38.56, -7.48, 29.75, 0.7, 61.37, -5.36, 18.77, 6.17, 28.34, -100, -100, 8.01, 49.58, -100, -100, 0.95, 43.87]
[22.73, 48.88, -100, -100, -100, -100, 23.28, 49.03, -9.87, 42.12, 8.27, 26.77, 5.87, 5.89, -100, -100, 43.72, 32.78, -100, -100, 18.55, 63.24, -0.9, 65.98, 19.46, 41.84, -2.74, 30.3, -2.16, 21.91, 22.53, 23.65, -100, -100, 7.98, 43.06, -37.73, 36.78, -8.15, 45.9, 7.48, 13.11, -8.09, 34.86, -6.81, 29.71, -4.64, 63.36, -4.09, 18.84, 4.18, 30.3, -100, -100, 5.35, 50.85, -100, -100, -2.83, 38.0]
[5.06, 53.08, -100, -100, -100, -100, 21.67, 43.79, 2.99, 40.61, 14.79, 40.64, 22.82, 17.48, -100, -100, 42.71, 34.37, -100, -100, 17.55, 54.71, 9.08, 56.38, 12.22, 49.72, 0.29, 50.22, 13.18, 25.48, 22.54, 35.77, -100, -100, 13.2, 50.42, -32.81, 36.94, 1.62, 53.07, 20.76, 35.73, -6.5, 40.34, -7.45, 25.24, 5.83, 66.42, 10.34, 4.71, 13.7, 27.48, -100, -100, 18.75, 40.34, -100, -100, 3.22, 47.44]
[-7.63, 52.33, -100, -100, -100, -100, 18.89, 43.12, -2.09, 29.88, 10.85, 34.19, 19.18, 15.21, -100, -100, 40.75, 34.32, -100, -100, 17.79, 51.3, 7.63, 55.09, 9.89, 42.73, -1.84, 40.63, 7.15, 25.41, 19.88, 33.9, -100, -100, 15.61, 48.7, -34.37, 35.24, -8.25, 52.3, 18.74, 35.38, -8.12, 40.17, -11.58, 19.34, 6.44, 65.78, 9.99, 5.73, 8.29, 26.43, -100, -100, 12.89, 37.57, -100, -100, -2.2, 39.77]
[18.13, 31.79, -100, -100, -100, -100, 19.04, 44.89, -2.3, 24.29, 11.7, 34.5, 16.78, 19.69, -100, -100, 40.33, 35.37, -100, -100, 16.24, 54.61, 6.78, 54.48, 8.25, 48.78, -0.14, 42.7, 9.99, 13.52, 18.7, 32.11, -100, -100, 14.25, 51.08, -38.32, 36.38, -4.97, 49.72, 17.64, 31.15, -8.45, 40.35, -12.97, 24.29, 5.18, 66.52, 6.38, 7.74, 11.63, 21.76, -100, -100, 13.25, 41.59, -100, -100, 0.45, 39.68]
[1.12, 64.34, -100, -100, -100, -100, 15.65, 41.77, -6.5, 33.71, -0.87, 28.41, 13.85, 22.97, -100, -100, 40.51, 32.71, -100, -100, 17.13, 55.96, 5.85, 52.71, 4.36, 40.16, -7.81, 46.24, -0.04, 15.39, 13.01, 30.08, -100, -100, 15.09, 56.81, -40.29, 35.0, -13.76, 52.4, 11.6, 31.12, -19.68, 38.59, -14.8, 24.17, 0.96, 64.52, -6.17, 13.78, -3.42, 29.44, -100, -100, 7.95, 43.3, -100, -100, -6.55, 41.61]
[0.02, 65.09, -100, -100, -100, -100, 16.84, 45.08, -5.17, 36.82, -2.53, 32.43, 13.84, 24.74, -100, -100, 41.72, 33.5, -100, -100, 17.28, 56.69, 6.42, 52.86, 5.13, 41.75, -7.57, 47.6, 2.15, 17.38, 12.53, 33.17, -100, -100, 15.91, 60.05, -39.72, 35.78, -12.64, 53.22, 11.03, 34.61, -16.62, 39.58, -14.93, 27.21, -0.22, 65.23, -6.14, 18.37, -3.97, 32.7, -100, -100, 6.43, 45.39, -100, -100, -6.88, 43.33]
[0.16, 36.48, -100, -100, -100, -100, 19.97, 46.18, -3.74, 47.82, 8.8, 34.74, 21.5, 19.38, -100, -100, 43.8, 34.48, -100, -100, 18.43, 56.68, 3.95, 57.91, 4.05, 49.22, -0.78, 37.16, 3.83, 30.17, 21.15, 36.3, -100, -100, 17.78, 45.58, -39.27, 36.98, -12.29, 52.71, 20.28, 39.9, -7.33, 43.81, -13.16, 27.53, -2.0, 60.9, 8.87, 8.8, 7.57, 29.55, -100, -100, 15.68, 61.92, -100, -100, 0.07, 36.97]
[-16.13, 59.62, -100, -100, -100, -100, 14.56, 44.58, -11.99, 47.42, 6.31, 30.14, 12.73, 11.42, -100, -100, 38.71, 31.58, -100, -100, 13.67, 52.45, 5.16, 56.45, -1.75, 41.2, -10.62, 31.29, 1.4, 21.11, 13.93, 31.17, -100, -100, 15.95, 51.44, -35.91, 37.56, -16.45, 61.65, 19.5, 38.53, -23.56, 41.93, -21.52, 16.18, 2.62, 64.78, 5.6, 6.61, 1.38, 26.93, -100, -100, 15.48, 50.57, -100, -100, -6.45, 43.29]
[32.68, 52.86, -100, -100, -100, -100, 32.72, 52.69, 10.23, 56.75, 26.42, 46.61, 31.09, 30.52, -100, -100, 47.56, 35.88, -100, -100, 31.4, 59.36, 23.8, 64.11, 25.3, 55.02, 9.94, 41.18, 19.03, 30.93, 34.32, 42.79, -100, -100, 29.98, 59.06, -29.41, 41.73, 3.59, 64.33, 33.18, 42.43, 2.81, 51.48, 1.91, 39.28, 20.35, 67.01, 14.36, 22.9, 19.15, 35.69, -100, -100, 26.62, 51.8, -100, -100, 12.17, 55.82]
[3.6, 51.6, -100, -100, -100, -100, 32.31, 53.65, 5.22, 53.74, 24.58, 46.02, 30.65, 29.8, -100, -100, 48.36, 35.61, -100, -100, 32.79, 61.08, 19.12, 63.24, 23.69, 53.12, 7.46, 39.43, 14.88, 27.21, 33.4, 41.44, -100, -100, 28.76, 55.78, -30.71, 40.31, 3.4, 60.84, 31.13, 43.05, 2.87, 51.47, -0.4, 40.58, 20.49, 67.19, 8.85, 23.23, 16.54, 35.51, -100, -100, 24.22, 50.62, -100, -100, 9.81, 53.8]
[29.25, 61.52, -100, -100, -100, -100, 26.97, 56.27, 2.08, 51.9, 22.48, 45.61, 27.63, 26.63, -100, -100, 46.89, 35.89, -100, -100, 28.25, 61.52, 14.67, 62.69, 16.65, 51.62, 4.4, 37.76, 8.61, 23.1, 32.75, 42.42, -100, -100, 26.23, 52.05, -32.07, 39.93, 1.27, 59.49, 28.5, 43.48, 0.85, 52.15, -2.61, 41.69, 18.08, 64.37, 3.94, 21.45, 13.96, 33.91, -100, -100, 21.27, 50.65, -100, -100, 9.64, 53.0]
[44.52, 35.1, -100, -100, -100, -100, 23.68, 55.8, -0.5, 52.09, 19.32, 43.07, 22.1, 21.89, -100, -100, 44.63, 34.97, -100, -100, 22.43, 59.11, 12.03, 62.49, 13.12, 50.21, 2.66, 37.61, 6.32, 20.02, 30.44, 41.69, -100, -100, 24.04, 52.58, -33.36, 39.55, -0.56, 59.73, 25.61, 41.69, -0.27, 54.33, -3.0, 38.9, 16.19, 59.36, 1.43, 18.18, 14.5, 32.74, -100, -100, 18.56, 50.38, -100, -100, 7.67, 52.88]
[44.75, 34.35, -100, -100, -100, -100, 30.34, 52.68, -0.25, 50.51, 19.8, 42.33, 18.28, 15.87, -100, -100, 44.5, 34.56, -100, -100, 17.83, 51.84, 6.36, 61.06, 12.26, 49.41, 1.77, 34.5, 6.48, 15.87, 28.43, 34.24, -100, -100, 24.17, 59.11, -32.92, 38.52, 1.04, 59.52, 28.15, 41.83, -1.33, 52.79, -2.35, 34.52, 16.71, 54.4, 1.99, 15.63, 16.42, 29.01, -100, -100, 18.09, 49.79, -100, -100, 6.32, 51.47]
[19.58, 50.82, -100, -100, -100, -100, 28.08, 52.83, 0.84, 49.15, 27.64, 41.87, 32.12, 21.0, -100, -100, 46.05, 36.52, -100, -100, 26.51, 59.7, 15.99, 62.49, 14.87, 53.72, 5.74, 33.35, 11.01, 27.93, 32.68, 42.06, -100, -100, 14.41, 64.17, -31.9, 38.11, 0.5, 50.93, 36.88, 41.52, 1.4, 39.77, 3.86, 32.44, 6.07, 62.53, 26.92, 19.44, 16.17, 33.29, -100, -100, 18.39, 51.89, -100, -100, 20.03, 42.96]
[14.09, 52.33, -100, -100, -100, -100, 21.74, 58.74, 1.11, 52.43, 26.08, 47.68, 30.28, 28.0, -100, -100, 46.34, 36.35, -100, -100, 26.92, 59.81, 18.61, 60.94, 15.15, 56.49, 9.23, 42.64, 15.03, 34.59, 30.69, 47.47, -100, -100, 11.8, 64.84, -33.47, 40.6, -1.27, 55.37, 29.21, 47.95, 2.29, 41.92, 1.87, 35.05, 5.14, 64.56, 24.35, 17.16, 14.61, 36.4, -100, -100, 15.5, 57.88, -100, -100, 13.38, 54.34]
[22.41, 54.3, -100, -100, -100, -100, 24.45, 48.54, -1.79, 29.01, 12.08, 31.63, 18.61, 22.82, -100, -100, 47.3, 36.39, -100, -100, 22.31, 55.66, -1.08, 51.81, 12.43, 48.47, 8.13, 28.27, 4.38, 15.84, 22.03, 33.07, -100, -100, 17.37, 36.08, -35.88, 34.67, -6.35, 48.79, 22.68, 50.9, -1.07, 35.21, -7.09, 26.7, -2.08, 58.57, 0.12, 19.74, 6.39, 28.84, -100, -100, 11.75, 63.54, -100, -100, 6.53, 46.63]
[45.57, 41.56, -100, -100, -100, -100, 23.12, 54.43, -4.2, 31.07, 8.34, 35.32, 17.7, 20.37, -100, -100, 45.13, 43.11, -100, -100, 21.19, 63.92, -1.62, 60.55, 13.57, 54.94, 3.4, 26.42, 0.62, 14.3, 22.02, 35.17, -100, -100, 15.76, 41.78, -37.05, 37.37, -8.18, 51.38, 23.46, 53.55, -4.58, 36.95, -7.58, 29.84, -0.42, 64.2, -2.28, 22.07, 5.62, 31.92, -100, -100, 15.48, 63.86, -100, -100, 7.4, 54.36]
[29.77, 66.1, -100, -100, -100, -100, 37.53, 51.46, -2.68, 26.25, 9.41, 33.73, 21.36, 7.03, -100, -100, 47.46, 35.67, -100, -100, 29.14, 66.18, 3.83, 64.65, 26.1, 47.2, -1.7, 42.85, 2.97, 14.13, 37.99, 28.66, -100, -100, 32.1, 51.4, -32.65, 37.14, -2.84, 48.65, 26.64, 42.07, -0.67, 39.11, -1.12, 26.33, -0.65, 63.89, 0.76, 15.31, 11.68, 27.12, -100, -100, 25.66, 49.59, -100, -100, 11.13, 48.5]
[36.89, 50.7, -100, -100, -100, -100, 36.73, 50.51, -3.78, 24.93, 8.61, 30.5, 21.18, 7.53, -100, -100, 46.79, 35.68, -100, -100, 28.62, 66.83, 1.23, 65.06, 25.91, 47.85, -2.49, 40.59, 2.29, 12.52, 36.18, 28.03, -100, -100, 30.68, 53.4, -33.24, 37.14, -3.66, 49.16, 23.67, 42.27, -2.05, 38.38, -2.34, 26.89, -2.2, 64.25, 0.59, 15.32, 10.13, 27.65, -100, -100, 23.64, 50.84, -100, -100, 8.98, 46.82]
[36.04, 51.46, -100, -100, -100, -100, 35.58, 52.1, -4.18, 23.99, 7.75, 27.93, 20.9, 8.22, -100, -100, 45.93, 35.62, -100, -100, 26.98, 66.67, -1.46, 65.43, 23.3, 47.32, -3.53, 40.69, 2.09, 11.7, 34.76, 25.02, -100, -100, 32.01, 54.6, -34.17, 37.35, -4.75, 49.27, 23.71, 39.61, -3.87, 37.98, -4.45, 28.37, -3.31, 65.26, -0.38, 17.01, 8.81, 28.98, -100, -100, 19.44, 51.88, -100, -100, 5.49, 44.57]
[31.81, 25.08, -100, -100, -100, -100, 34.48, 54.27, -7.02, 23.12, 7.22, 29.72, 20.55, 8.7, -100, -100, 43.25, 35.91, -100, -100, 23.62, 65.23, -1.7, 66.39, 18.24, 48.68, -6.56, 39.87, -0.2, 9.53, 31.39, 26.27, -100, -100, 24.88, 61.59, -36.18, 37.57, -6.31, 49.21, 17.43, 40.09, -7.68, 38.7, -7.86, 29.33, -3.46, 65.99, -3.22, 20.25, 7.25, 30.71, -100, -100, 11.37, 51.43, -100, -100, 1.08, 45.99]
[20.74, 63.84, -100, -100, -100, -100, 30.03, 54.53, -9.21, 47.17, 10.8, 35.33, 18.18, 9.85, -100, -100, 38.7, 33.89, -100, -100, 20.77, 63.98, -0.75, 64.74, 18.86, 42.32, -2.64, 38.23, -1.92, 25.74, 29.22, 17.59, -100, -100, 23.47, 45.82, -34.41, 36.57, -6.6, 47.36, 27.82, 35.21, -6.32, 39.89, -5.91, 29.1, -3.92, 59.86, 6.25, 17.87, 8.38, 30.8, -100, -100, 17.65, 48.82, -100, -100, 2.67, 40.28]
[4.42, 45.67, -100, -100, -100, -100, 20.82, 44.62, -0.87, 26.38, 11.2, 36.43, 21.71, 20.69, -100, -100, 44.11, 35.52, -100, -100, 19.1, 56.13, 8.86, 55.15, 7.73, 45.7, -1.1, 42.37, 11.74, 17.93, 20.99, 33.16, -100, -100, 15.62, 43.12, -35.06, 35.61, -3.44, 48.08, 19.38, 30.26, -5.73, 39.69, -9.81, 25.3, 5.6, 67.75, 10.27, 8.1, 10.16, 27.27, -100, -100, 15.78, 52.41, -100, -100, 2.7, 44.29]
[11.65, 51.73, -100, -100, -100, -100, 10.59, 52.01, 7.33, 40.94, 19.51, 32.67, 25.01, 20.91, -100, -100, 44.98, 34.25, -100, -100, 24.76, 51.23, 12.49, 49.72, 14.79, 47.68, -2.7, 46.43, 15.88, 24.71, 25.83, 34.41, -100, -100, 10.55, 54.55, -35.11, 37.16, -5.97, 50.48, 30.0, 32.74, 3.45, 40.85, -5.18, 34.59, 3.54, 57.06, 18.14, 16.01, 17.56, 30.07, -100, -100, 13.37, 51.27, -100, -100, 2.77, 44.6]
[10.68, 53.65, -100, -100, -100, -100, 9.66, 52.31, 6.74, 40.61, 19.42, 32.69, 23.46, 19.85, -100, -100, 44.84, 34.27, -100, -100, 25.42, 50.44, 11.18, 51.03, 14.68, 47.85, -4.58, 45.71, 13.83, 23.8, 24.2, 33.82, -100, -100, 10.98, 51.55, -35.84, 37.96, -6.65, 50.33, 29.13, 32.68, 3.47, 41.92, -6.65, 35.0, 2.68, 56.75, 17.01, 15.38, 16.38, 29.35, -100, -100, 13.5, 50.85, -100, -100, 3.35, 46.03]
[2.31, 41.92, -100, -100, -100, -100, 7.61, 52.77, 1.69, 39.41, 17.19, 33.06, 22.96, 19.4, -100, -100, 45.24, 34.19, -100, -100, 23.59, 52.39, 9.63, 53.34, 16.01, 47.8, -5.84, 43.75, 8.49, 21.51, 22.04, 33.82, -100, -100, 10.92, 51.56, -36.75, 38.38, -8.6, 48.17, 26.79, 31.16, 2.13, 41.94, -8.5, 35.9, 0.11, 56.83, 13.86, 15.69, 14.27, 28.56, -100, -100, 13.46, 49.56, -100, -100, 5.07, 46.66]
[33.17, 19.14, -100, -100, -100, -100, 32.65, 19.43, 0.04, 32.21, 14.54, 36.48, 15.99, 10.83, -100, -100, 44.94, 40.45, -100, -100, 25.2, 61.76, 11.1, 59.79, 22.01, 51.66, 3.12, 52.55, 2.93, 23.2, 37.79, 61.81, -100, -100, 26.28, 45.02, -32.5, 39.33, -1.07, 52.46, 29.69, 53.0, -0.49, 40.85, -0.66, 31.5, 9.57, 61.49, 3.14, 21.0, 13.12, 37.32, -100, -100, 26.33, 60.06, -100, -100, 20.54, 53.51]
[45.41, 40.12, -100, -100, -100, -100, 29.82, 18.03, -0.44, 29.83, 13.21, 35.86, 13.85, 9.1, -100, -100, 45.95, 39.65, -100, -100, 23.13, 60.85, 7.88, 58.11, 20.56, 50.71, -2.0, 47.17, 0.94, 21.92, 37.6, 59.94, -100, -100, 20.91, 43.69, -34.14, 39.36, -3.87, 49.4, 26.08, 53.88, -1.7, 40.22, -2.31, 30.32, 4.99, 60.07, 1.58, 17.68, 9.84, 34.52, -100, -100, 21.17, 62.86, -100, -100, 13.63, 53.25]
[5.25, 67.25, -100, -100, -100, -100, 20.87, 13.73, -7.86, 34.45, 4.79, 33.52, 5.72, 3.58, -100, -100, 39.95, 33.13, -100, -100, 6.26, 67.09, -3.62, 55.12, 17.54, 40.6, -5.36, 41.24, -5.3, 22.59, 15.71, 56.33, -100, -100, 8.84, 31.65, -36.93, 35.23, -9.48, 44.85, 11.82, 40.18, -9.39, 34.18, -8.85, 27.19, -5.49, 57.76, -5.07, 16.63, 2.78, 28.68, -100, -100, 3.15, 51.81, -100, -100, -1.88, 36.85]
[8.39, 65.48, -100, -100, -100, -100, 22.14, 14.21, -6.4, 31.82, 3.3, 32.5, 7.01, 4.33, -100, -100, 38.35, 36.5, -100, -100, 9.27, 65.16, -0.38, 63.22, 19.26, 40.84, -5.44, 38.84, -3.49, 23.15, 20.73, 54.04, -100, -100, 11.7, 30.3, -37.26, 36.38, -8.98, 43.67, 12.39, 39.13, -8.27, 35.12, -8.37, 28.06, -4.16, 60.68, -3.56, 18.21, 4.44, 28.63, -100, -100, 3.37, 51.52, -100, -100, -1.35, 36.28]
[39.28, 35.05, -100, -100, -100, -100, 21.37, 17.68, -6.65, 26.88, 4.49, 35.83, 9.47, 8.55, -100, -100, 39.74, 34.1, -100, -100, 11.46, 64.47, 1.74, 65.89, 10.98, 43.23, -4.84, 29.86, -1.86, 18.85, 24.86, 52.08, -100, -100, 14.21, 25.85, -38.2, 37.18, -9.74, 48.07, 7.87, 47.15, -8.77, 36.19, -9.89, 29.36, -3.27, 65.61, -6.14, 16.15, 4.82, 32.87, -100, -100, 3.86, 56.72, -100, -100, -1.1, 42.34]
[-11.96, 54.43, -100, -100, -100, -100, 15.13, 32.77, -25.6, 32.7, 2.39, 30.32, 12.64, 21.5, -100, -100, 42.76, 33.72, -100, -100, 16.54, 50.54, 9.1, 53.66, 6.55, 41.19, -9.58, 46.74, 3.33, 18.73, 14.88, 40.94, -100, -100, 18.2, 36.38, -35.06, 37.96, -11.09, 54.24, 19.45, 39.28, -16.84, 21.62, -4.75, 26.69, 14.51, 62.1, 17.22, 25.44, 11.77, 20.62, -100, -100, 17.64, 45.98, -100, -100, -6.07, 42.33]
[6.4, 68.0, -100, -100, -100, -100, 22.92, 54.11, 1.47, 43.9, 16.99, 43.53, 21.84, 25.58, -100, -100, 43.91, 37.15, -100, -100, 24.64, 61.49, 15.8, 61.93, 13.63, 52.22, -0.82, 56.41, 12.83, 23.7, 24.83, 40.96, -100, -100, 14.94, 42.39, -34.02, 41.47, -6.25, 60.41, 24.59, 41.04, -5.32, 44.28, -4.28, 34.21, 12.65, 66.83, 15.95, 13.64, 10.79, 31.38, -100, -100, 20.29, 51.89, -100, -100, 10.87, 53.03]
[23.98, 61.64, -100, -100, -100, -100, 23.28, 53.35, 1.19, 43.29, 16.53, 41.21, 21.53, 25.25, -100, -100, 42.2, 37.47, -100, -100, 22.43, 61.98, 15.47, 61.4, 12.77, 50.42, -0.92, 54.43, 12.81, 21.83, 23.98, 39.74, -100, -100, 15.22, 40.9, -34.53, 40.63, -6.58, 59.35, 21.81, 38.41, -5.68, 43.66, -5.68, 33.25, 12.77, 67.0, 17.12, 11.6, 10.74, 28.63, -100, -100, 20.97, 50.02, -100, -100, 9.16, 49.91]
[-5.91, 39.86, -100, -100, -100, -100, 24.3, 50.49, -0.92, 36.47, 16.1, 36.9, 20.56, 24.41, -100, -100, 40.41, 37.34, -100, -100, 16.3, 65.0, 14.32, 58.49, 14.3, 47.61, -0.74, 49.07, 13.35, 19.08, 23.46, 39.05, -100, -100, 15.43, 39.01, -33.93, 37.74, -6.24, 57.2, 21.62, 36.75, -5.92, 39.42, -6.82, 31.12, 13.67, 66.31, 18.79, 9.83, 10.98, 25.9, -100, -100, 21.56, 47.98, -100, -100, 7.43, 48.66]
[-5.91, 39.16, -100, -100, -100, -100, 24.75, 49.93, -1.55, 33.42, 16.27, 35.94, 22.89, 21.97, -100, -100, 41.21, 36.63, -100, -100, 12.39, 66.69, 15.26, 57.82, 14.71, 44.84, -0.34, 47.47, 13.3, 17.79, 23.0, 37.53, -100, -100, 16.62, 37.06, -33.83, 37.35, -5.89, 56.14, 21.79, 36.72, -5.9, 38.99, -6.39, 28.87, 14.29, 66.03, 19.42, 8.59, 10.87, 24.93, -100, -100, 21.37, 46.51, -100, -100, 6.7, 45.07]
[-11.23, 46.58, -100, -100, -100, -100, 19.93, 48.74, -2.96, 41.63, 11.17, 42.31, 21.72, 19.12, -100, -100, 41.19, 36.08, -100, -100, 14.92, 61.53, 3.93, 61.15, 7.41, 51.83, -2.02, 53.32, 8.9, 25.23, 21.38, 39.17, -100, -100, 12.77, 46.14, -30.5, 36.91, -1.19, 56.11, 21.48, 38.22, -11.0, 46.29, -9.27, 25.92, 11.8, 66.22, 13.18, 5.84, 9.91, 29.22, -100, -100, 1.02, 60.52, -100, -100, 3.51, 55.14]
[0.76, 57.5, -100, -100, -100, -100, 19.85, 47.68, -1.73, 39.84, 9.2, 40.23, 20.81, 17.51, -100, -100, 39.43, 35.86, -100, -100, 15.75, 57.38, 4.24, 57.86, 7.93, 48.08, -0.4, 48.43, 7.55, 25.62, 19.75, 36.93, -100, -100, 10.51, 45.06, -31.49, 35.98, -4.87, 54.54, 19.97, 37.73, -8.45, 46.58, -10.68, 22.12, 10.43, 65.16, 15.02, 6.77, 7.58, 28.92, -100, -100, 0.85, 57.31, -100, -100, 3.81, 47.01]
[2.21, 57.77, -100, -100, -100, -100, 17.92, 46.2, -1.67, 37.33, 8.45, 37.27, 19.26, 17.33, -100, -100, 41.08, 35.44, -100, -100, 15.78, 54.68, 6.54, 58.04, 7.98, 47.78, -0.51, 44.22, 7.27, 22.95, 18.63, 36.31, -100, -100, 12.25, 47.12, -32.63, 35.42, -7.43, 53.85, 16.2, 37.38, -7.3, 46.48, -11.78, 23.02, 8.49, 64.39, 18.04, 9.1, 6.52, 30.64, -100, -100, 2.44, 57.83, -100, -100, 1.53, 44.77]
[8.07, 64.51, -100, -100, -100, -100, 17.72, 48.15, -2.22, 36.49, 8.4, 36.19, 19.29, 17.94, -100, -100, 41.37, 35.61, -100, -100, 14.99, 56.12, 7.05, 57.97, 8.05, 47.92, -0.53, 45.2, 7.74, 24.56, 18.26, 36.47, -100, -100, 11.92, 51.62, -33.64, 36.37, -7.99, 53.67, 17.38, 37.9, -6.25, 46.03, -12.1, 23.42, 7.09, 64.78, 18.92, 10.37, 6.36, 31.41, -100, -100, 2.42, 58.28, -100, -100, 0.85, 47.4]
[0.98, 58.07, -100, -100, -100, -100, 21.14, 55.44, -0.56, 34.81, 11.19, 42.85, 22.4, 20.31, -100, -100, 43.56, 37.68, -100, -100, 16.91, 60.24, 7.97, 62.53, 10.81, 54.14, 2.23, 50.71, 11.53, 25.26, 23.09, 36.89, -100, -100, 15.66, 59.84, -32.49, 38.72, -10.65, 57.18, 22.67, 35.64, -11.16, 44.79, -8.7, 29.3, 4.8, 66.4, 21.43, 10.58, 9.89, 32.02, -100, -100, 1.28, 57.55, -100, -100, 3.52, 47.75]
[9.03, 26.26, -100, -100, -100, -100, 21.01, 45.59, -0.86, 31.49, 11.98, 34.29, 22.07, 16.21, -100, -100, 43.09, 35.16, -100, -100, 16.86, 59.11, 4.47, 52.91, 14.01, 45.49, 1.64, 46.2, 8.89, 19.79, 21.68, 30.46, -100, -100, 15.03, 41.56, -31.56, 37.12, -10.71, 50.74, 20.78, 28.67, -7.64, 38.84, -8.38, 24.11, 9.74, 65.63, 18.93, 6.78, 8.38, 25.71, -100, -100, -1.66, 49.47, -100, -100, 1.6, 35.1]
[3.01, 56.88, -100, -100, -100, -100, 21.32, 47.01, -3.09, 37.36, 13.03, 36.62, 24.73, 15.98, -100, -100, 43.67, 33.0, -100, -100, 20.8, 60.17, 6.78, 54.48, 9.89, 47.22, 2.7, 48.65, 12.71, 25.29, 24.69, 35.91, -100, -100, 6.06, 51.25, -34.05, 35.61, -11.38, 51.7, 24.07, 39.04, -9.07, 39.66, -8.89, 25.35, 20.23, 62.29, 16.79, 8.29, 10.28, 29.41, -100, -100, 2.94, 56.86, -100, -100, 4.85, 36.65]
[1.53, 41.38, -100, -100, -100, -100, 18.84, 47.38, -5.7, 36.33, 10.56, 36.97, 19.76, 22.6, -100, -100, 44.75, 35.29, -100, -100, 11.16, 62.6, 7.65, 56.59, 8.99, 47.35, 0.35, 48.13, 9.31, 20.62, 18.64, 36.11, -100, -100, 5.25, 48.86, -36.85, 35.23, -14.46, 50.88, 20.12, 36.76, -12.74, 38.49, -12.81, 26.02, 9.94, 64.17, 12.73, 8.63, 8.16, 28.53, -100, -100, 1.26, 55.79, -100, -100, 1.04, 41.98]
[-0.58, 44.16, -100, -100, -100, -100, 18.54, 47.73, -7.14, 36.27, 11.15, 36.34, 19.48, 23.99, -100, -100, 44.4, 35.35, -100, -100, 7.8, 62.6, 8.13, 55.01, 9.62, 45.99, -0.91, 47.53, 6.73, 18.81, 18.05, 34.58, -100, -100, 5.07, 42.33, -38.02, 34.46, -15.36, 49.86, 19.94, 33.22, -13.35, 37.42, -14.0, 24.92, 5.87, 64.45, 9.64, 7.47, 8.66, 26.82, -100, -100, 0.77, 54.87, -100, -100, -0.98, 44.71]
[42.7, 36.4, -100, -100, -100, -100, 27.54, 57.14, 5.68, 48.0, 15.48, 37.65, 13.25, 10.41, -100, -100, 42.62, 35.92, -100, -100, 17.86, 66.81, 12.32, 66.74, 18.6, 54.56, -1.8, 36.54, 0.2, 15.69, 26.64, 29.72, -100, -100, 26.47, 60.06, -34.26, 40.62, -0.94, 51.63, 22.24, 25.15, -3.52, 44.6, -3.11, 34.49, 9.14, 66.08, 4.04, 18.82, 11.73, 39.18, -100, -100, 16.57, 66.43, -100, -100, 14.76, 57.7]
[42.8, 34.91, -100, -100, -100, -100, 29.09, 54.11, 5.96, 45.85, 15.96, 35.81, 13.26, 8.58, -100, -100, 42.97, 33.89, -100, -100, 18.23, 66.75, 12.32, 66.74, 18.27, 53.39, -1.52, 33.9, 0.23, 13.95, 28.71, 26.92, -100, -100, 26.96, 55.09, -33.44, 39.14, -1.24, 49.82, 22.94, 23.99, -1.31, 44.06, -3.04, 30.86, 8.47, 65.1, 5.65, 16.09, 12.95, 37.25, -100, -100, 18.54, 63.59, -100, -100, 14.02, 56.89]
[2.98, 63.95, -100, -100, -100, -100, 22.59, 39.55, -6.9, 45.04, 5.96, 29.45, 4.0, 7.85, -100, -100, 38.02, 35.17, -100, -100, 16.71, 58.17, 3.01, 64.18, 10.31, 43.45, -8.21, 32.47, -5.5, 23.99, 18.47, 14.95, -100, -100, 18.53, 40.87, -35.75, 35.8, -7.73, 45.44, 12.8, 29.63, -9.56, 34.82, -8.21, 25.32, -3.03, 61.67, -5.67, 18.27, 2.88, 28.82, -100, -100, 4.31, 46.59, -100, -100, 0.0, 37.89]
